chess
0
0 97 0 1
0 9797 1 2
0 979797 2 3
0 97979797 3 4
0 9797979797 4 5
0 979797979797 5 3
0 97979797979797 6 2
0 9797979797979797 7 1
0 979797979797979798 1 0
0 97979797979797979898 2 0
0 9797979797979797989898 3 0
0 979797979797979798989898 4 0
0 97979797979797979898989898 5 0
0 9797979797979797989898989898 6 0
0 979797979797979798989898989898 7 0
0 979797979797979798989898989898100 0 0
1 979797979797979798989898989898100104 0 1
1 979797979797979798989898989898100104104 1 2
1 979797979797979798989898989898100104104104 2 3
1 979797979797979798989898989898100104104104104 3 4
1 979797979797979798989898989898100104104104104104 4 5
1 979797979797979798989898989898100104104104104104104 5 3
1 979797979797979798989898989898100104104104104104104104 6 2
1 979797979797979798989898989898100104104104104104104104104 7 1
