chess
0
0 97 bop0 1
0 9797 bop1 2
0 979797 bop2 3
0 97979797 bop3 4
0 9797979797 bop4 5
0 979797979797 bop5 3
0 97979797979797 bop6 2
0 9797979797979797 bop7 1
0 979797979797979798 bop1 0
0 97979797979797979898 bop2 0
0 9797979797979797989898 bop3 0
0 979797979797979798989898 bop4 0
0 97979797979797979898989898 bop5 0
0 9797979797979797989898989898 bop6 0
0 979797979797979798989898989898 bop7 0
0 979797979797979798989898989898100 bop0 0
1 979797979797979798989898989898100104 bop0 1
1 979797979797979798989898989898100104104 bop1 2
1 979797979797979798989898989898100104104104 bop2 3
1 979797979797979798989898989898100104104104104 bop3 4
1 979797979797979798989898989898100104104104104104 bop4 5
1 979797979797979798989898989898100104104104104104104 bop5 3
1 979797979797979798989898989898100104104104104104104104 bop6 2
1 979797979797979798989898989898100104104104104104104104104 bop7 1
